    v1 v2 v3 v4 v5 v6 v7 v8 v9 v10 v11 v12
U1  0  1  0  1  1  0  0  1  0   0   0   0
U2  0  0  1  0  0  1  0  1  1   0   0   0
U3  1  0  0  0  0  1  0  0  0   1   0   1
U4  0  0  1  0  1  0  1  1  0   1   0   0
U5  0  0  0  0  0  0  0  0  0   1   0   0
U6  1  1  1  0  0  0  0  0  0   0   1   0
U7  0  0  0  0  0  0  0  0  1   1   0   0
U8  0  0  0  0  1  0  0  1  0   0   0   0
U9  1  0  0  1  1  0  1  0  0   0   0   0
U10 0  0  0  0  0  0  0  0  0   1   0   0
U11 0  1  0  0  0  0  0  0  0   0   0   1
U12 1  0  1  0  0  1  0  0  1   0   0   1
U13 0  0  0  0  1  1  0  0  0   1   0   1
U14 0  0  1  0  0  0  0  0  0   0   0   0
U15 1  0  0  0  0  0  0  0  0   0   0   0
U16 0  1  1  0  0  0  0  0  0   0   0   0
U17 0  0  0  1  0  0  0  1  1   0   0   0
U18 1  0  0  0  0  0  0  0  0   1   0   0
U19 0  0  1  0  0  1  1  0  1   0   0   0
U20 0  0  0  1  1  1  0  0  0   0   0   0
